0 0.844721 0.322389 0.0510506 0.0507768
0 0.178381 0.245828 0.0614099 0.062846
0 0.329445 0.634042 0.0573564 0.0572948
0 0.0603692 0.471754 0.0681579 0.0668386
0 0.264739 0.127277 0.0591848 0.0649903
0 0.303741 0.679186 0.0711801 0.0712837
0 0.167771 0.332783 0.0555259 0.0597636
0 0.34131 0.743938 0.0608526 0.0624614
0 0.0867825 0.381218 0.0666519 0.0610995
0 0.348928 0.856663 0.0642408 0.0646004
0 0.161494 0.113791 0.0755018 0.0628443
0 0.858743 0.277609 0.0470272 0.051093
0 0.478317 0.246891 0.0587511 0.0584432
0 0.263196 0.94479 0.0645019 0.0657024
0 0.789644 0.489579 0.0665092 0.0723427
0 0.533978 0.199496 0.0485168 0.0508928
0 0.872458 0.133033 0.0719471 0.079477
0 0.384291 0.612684 0.0687468 0.0759925
0 0.581552 0.562317 0.0693383 0.0751602
0 0.349065 0.468856 0.0655005 0.0673748
0 0.404085 0.429305 0.0785397 0.0643198
0 0.868787 0.195959 0.055512 0.0575188
0 0.404384 0.892452 0.0790644 0.0597599
0 0.873296 0.658171 0.0741058 0.0703049
0 0.19658 0.493337 0.0563747 0.0571909
0 0.304488 0.820721 0.0797391 0.0790974
0 0.970528 0.0516448 0.0589439 0.0619256
0 0.188068 0.577652 0.110592 0.119015
0 0.634846 0.569558 0.0670208 0.0604282
0 0.339879 0.918234 0.0775645 0.0799599
0 0.84633 0.614143 0.0740486 0.0662104
0 0.230475 0.241887 0.0621312 0.0561677
0 0.523961 0.549163 0.0718167 0.0680805
0 0.558429 0.959628 0.0716093 0.0631586
0 0.0215967 0.435392 0.0431935 0.0591526
0 0.172304 0.166011 0.0692259 0.0761
0 0.207669 0.0486007 0.059509 0.0728297
0 0.348979 0.168889 0.0611788 0.0530019
0 0.129631 0.418621 0.0470513 0.0514019
0 0.718258 0.0664183 0.0575972 0.0548773
0 0.881629 0.799414 0.0852432 0.0818274
0 0.151928 0.475096 0.0619926 0.0632198
0 0.619043 0.927418 0.0853957 0.0812588
0 0.859206 0.0547189 0.117966 0.106735
0 0.812791 0.264307 0.0686276 0.078472
0 0.908562 0.603528 0.0655563 0.0727802
0 0.806844 0.897561 0.095681 0.0880138
0 0.31141 0.482377 0.0554578 0.0480488
0 0.780576 0.34264 0.104492 0.106348
0 0.185926 0.434212 0.0618715 0.0530693
0 0.783485 0.970891 0.0659303 0.058219
0 0.43165 0.0891201 0.0658477 0.0629705
0 0.104223 0.330499 0.0638865 0.0563763
0 0.314484 0.139615 0.0549085 0.047409
0 0.626083 0.619142 0.0615468 0.0557393
0 0.816007 0.195024 0.0800511 0.0849969
0 0.409708 0.942768 0.0671517 0.0619316
0 0.493261 0.19741 0.0563291 0.0656975
0 0.454974 0.354847 0.053005 0.0463007
0 0.424779 0.482482 0.0948986 0.076062
0 0.0616119 0.415271 0.0598691 0.0564507
0 0.221769 0.135613 0.0666108 0.0768151
0 0.819893 0.837454 0.0783153 0.0663437
0 0.481227 0.947279 0.0754429 0.072611
0 0.435788 0.583436 0.0875193 0.0768269
0 0.386714 0.110666 0.0665204 0.0604973
0 0.861755 0.734619 0.0604362 0.0592863
0 0.412284 0.15606 0.0803629 0.0764766
0 0.11866 0.581303 0.0561689 0.0564632
0 0.140095 0.263111 0.0607398 0.0668888
0 0.709802 0.613893 0.0895592 0.0819257
0 0.638368 0.864581 0.0823926 0.0803402
0 0.16687 0.394034 0.0780207 0.0677473
0 0.943293 0.448489 0.063858 0.0645636
0 0.245999 0.459705 0.0463957 0.0365528
0 0.97166 0.236833 0.0566807 0.0750428
0 0.734526 0.25008 0.0638674 0.0752269
0 0.880724 0.54077 0.0696331 0.0511358
0 0.584882 0.218176 0.0881495 0.0842559
0 0.613374 0.0223259 0.0757615 0.0446518
0 0.692595 0.248258 0.0537046 0.0633812
0 0.447028 0.328485 0.0510731 0.0363605
0 0.465928 0.298296 0.0559645 0.0543583
0 0.887743 0.492091 0.0807352 0.0647657
0 0.215116 0.201712 0.0654448 0.0555029
0 0.429552 0.389009 0.0808452 0.0639932
0 0.102189 0.965094 0.0958265 0.0698122
0 0.155415 0.911906 0.0741128 0.0616611
0 0.891849 0.0185468 0.0583591 0.0370936
0 0.313881 0.562249 0.0809778 0.0666187
0 0.938285 0.762384 0.0823353 0.0884626
0 0.179918 0.965872 0.0813617 0.0675056
0 0.918151 0.47367 0.0473862 0.0435792
0 0.316783 0.517368 0.0537032 0.0417086
0 0.267894 0.503235 0.0634854 0.0553999
0 0.223301 0.483114 0.0373009 0.0501338
0 0.539779 0.143414 0.0845812 0.0773261
0 0.295562 0.175633 0.0767393 0.0729994
0 0.873399 0.578941 0.0497543 0.0483442
0 0.530705 0.0265647 0.0734707 0.0522881
0 0.158543 0.0579663 0.0654633 0.0580109
0 0.377463 0.790475 0.0902272 0.0790726
0 0.330216 0.100888 0.0759441 0.0671621
0 0.649792 0.231798 0.0665498 0.0725104
0 0.443513 0.0444032 0.0746269 0.053112
0 0.728727 0.549173 0.0855251 0.0745276
0 0.168382 0.0199857 0.0663772 0.0399714
0 0.381432 0.522595 0.0888588 0.0803616
0 0.566749 0.82995 0.0766985 0.0730112
0 0.930523 0.381792 0.0766455 0.0690625
0 0.460056 0.0156083 0.0476186 0.0308347
0 0.820591 0.767937 0.0901722 0.0797266
0 0.926103 0.365979 0.103876 0.111724
0 0.519397 0.548137 0.101488 0.0968275
0 0.944597 0.0195388 0.063833 0.0390775
0 0.0202173 0.592224 0.0358556 0.0536865
